Array antes da ordenacao: 832 254 612 832 545 688 556 676 380 21 485 477 747 842 832 835 162 34 30 647 392 660 875 346 890 94 146 851 119 373 413 303 627 377 135 524 66 43 552 798 417 390 275 164 232 108 352 746 494 734 746 886 394 973 585 285 67 731 488 538 104 902 841 83 631 328 960 697 724 512 495 141 902 123 657 487 583 9 233 77 95 331 316 490 305 901 127 372 984 967 263 88 221 104 523 853 433 483 550 157 

==================================================
PASSO 1: Subvetor de indices [0 a 99]
Pivo Escolhido: 746
--------------------------------------------------
 [Troca]: 832 (pos 0) <->  157 (pos 99)
 [Troca]: 832 (pos 3) <->  550 (pos 98)
 [Troca]: 747 (pos 12) <->  483 (pos 97)
 [Troca]: 842 (pos 13) <->  433 (pos 96)
 [Troca]: 832 (pos 14) <->  523 (pos 94)
 [Troca]: 835 (pos 15) <->  104 (pos 93)
 [Troca]: 875 (pos 22) <->  221 (pos 92)
 [Troca]: 890 (pos 24) <->  88 (pos 91)
 [Troca]: 851 (pos 27) <->  263 (pos 90)
 [Troca]: 798 (pos 39) <->  372 (pos 87)
 [Troca]: 746 (pos 47) <->  127 (pos 86)
 [Troca]: 746 (pos 50) <->  305 (pos 84)
 [Troca]: 886 (pos 51) <->  490 (pos 83)
 [Troca]: 973 (pos 53) <->  316 (pos 82)
 [Troca]: 902 (pos 61) <->  331 (pos 81)
 [Troca]: 841 (pos 62) <->  95 (pos 80)
 [Troca]: 960 (pos 66) <->  77 (pos 79)
 [Troca]: 902 (pos 72) <->  233 (pos 78)
--------------------------------------------------
Estado do vetor apos o PASSO 1: 157 254 612 550 545 688 556 676 380 21 485 477 483 433 523 104 162 34 30 647 392 660 221 346 88 94 146 263 119 373 413 303 627 377 135 524 66 43 552 372 417 390 275 164 232 108 352 127 494 734 305 490 394 316 585 285 67 731 488 538 104 331 95 83 631 328 77 697 724 512 495 141 233 123 657 487 583 9 902 960 841 902 973 886 746 901 746 798 984 967 851 890 875 835 832 853 842 747 832 832 
==================================================

==================================================
PASSO 2: Subvetor de indices [0 a 77]
Pivo Escolhido: 372
--------------------------------------------------
 [Troca]: 612 (pos 2) <->  9 (pos 77)
 [Troca]: 550 (pos 3) <->  123 (pos 73)
 [Troca]: 545 (pos 4) <->  233 (pos 72)
 [Troca]: 688 (pos 5) <->  141 (pos 71)
 [Troca]: 556 (pos 6) <->  77 (pos 66)
 [Troca]: 676 (pos 7) <->  328 (pos 65)
 [Troca]: 380 (pos 8) <->  83 (pos 63)
 [Troca]: 485 (pos 10) <->  95 (pos 62)
 [Troca]: 477 (pos 11) <->  331 (pos 61)
 [Troca]: 483 (pos 12) <->  104 (pos 60)
 [Troca]: 433 (pos 13) <->  67 (pos 56)
 [Troca]: 523 (pos 14) <->  285 (pos 55)
 [Troca]: 647 (pos 19) <->  316 (pos 53)
 [Troca]: 392 (pos 20) <->  305 (pos 50)
 [Troca]: 660 (pos 21) <->  127 (pos 47)
 [Troca]: 373 (pos 29) <->  352 (pos 46)
 [Troca]: 413 (pos 30) <->  108 (pos 45)
 [Troca]: 627 (pos 32) <->  232 (pos 44)
 [Troca]: 377 (pos 33) <->  164 (pos 43)
 [Troca]: 524 (pos 35) <->  275 (pos 42)
 [Troca]: 552 (pos 38) <->  372 (pos 39)
--------------------------------------------------
Estado do vetor apos o PASSO 2: 157 254 9 123 233 141 77 328 83 21 95 331 104 67 285 104 162 34 30 316 305 127 221 346 88 94 146 263 119 352 108 303 232 164 135 275 66 43 372 552 417 390 524 377 627 413 373 660 494 734 392 490 394 647 585 523 433 731 488 538 483 477 485 380 631 676 556 697 724 512 495 688 545 550 657 487 583 612 902 960 841 902 973 886 746 901 746 798 984 967 851 890 875 835 832 853 842 747 832 832 
==================================================

==================================================
PASSO 3: Subvetor de indices [0 a 38]
Pivo Escolhido: 316
--------------------------------------------------
 [Troca]: 328 (pos 7) <->  43 (pos 37)
 [Troca]: 331 (pos 11) <->  66 (pos 36)
 [Troca]: 316 (pos 19) <->  275 (pos 35)
 [Troca]: 346 (pos 23) <->  135 (pos 34)
 [Troca]: 352 (pos 29) <->  164 (pos 33)
--------------------------------------------------
Estado do vetor apos o PASSO 3: 157 254 9 123 233 141 77 43 83 21 95 66 104 67 285 104 162 34 30 275 305 127 221 135 88 94 146 263 119 164 108 303 232 352 346 316 331 328 372 552 417 390 524 377 627 413 373 660 494 734 392 490 394 647 585 523 433 731 488 538 483 477 485 380 631 676 556 697 724 512 495 688 545 550 657 487 583 612 902 960 841 902 973 886 746 901 746 798 984 967 851 890 875 835 832 853 842 747 832 832 
==================================================

==================================================
PASSO 4: Subvetor de indices [0 a 32]
Pivo Escolhido: 162
--------------------------------------------------
 [Troca]: 254 (pos 1) <->  108 (pos 30)
 [Troca]: 233 (pos 4) <->  119 (pos 28)
 [Troca]: 285 (pos 14) <->  146 (pos 26)
 [Troca]: 162 (pos 16) <->  94 (pos 25)
 [Troca]: 275 (pos 19) <->  88 (pos 24)
 [Troca]: 305 (pos 20) <->  135 (pos 23)
--------------------------------------------------
Estado do vetor apos o PASSO 4: 157 108 9 123 119 141 77 43 83 21 95 66 104 67 146 104 94 34 30 88 135 127 221 305 275 162 285 263 233 164 254 303 232 352 346 316 331 328 372 552 417 390 524 377 627 413 373 660 494 734 392 490 394 647 585 523 433 731 488 538 483 477 485 380 631 676 556 697 724 512 495 688 545 550 657 487 583 612 902 960 841 902 973 886 746 901 746 798 984 967 851 890 875 835 832 853 842 747 832 832 
==================================================

==================================================
PASSO 5: Subvetor de indices [0 a 21]
Pivo Escolhido: 66
--------------------------------------------------
 [Troca]: 157 (pos 0) <->  30 (pos 18)
 [Troca]: 108 (pos 1) <->  34 (pos 17)
 [Troca]: 123 (pos 3) <->  66 (pos 11)
 [Troca]: 119 (pos 4) <->  21 (pos 9)
 [Troca]: 141 (pos 5) <->  43 (pos 7)
--------------------------------------------------
Estado do vetor apos o PASSO 5: 30 34 9 66 21 43 77 141 83 119 95 123 104 67 146 104 94 108 157 88 135 127 221 305 275 162 285 263 233 164 254 303 232 352 346 316 331 328 372 552 417 390 524 377 627 413 373 660 494 734 392 490 394 647 585 523 433 731 488 538 483 477 485 380 631 676 556 697 724 512 495 688 545 550 657 487 583 612 902 960 841 902 973 886 746 901 746 798 984 967 851 890 875 835 832 853 842 747 832 832 
==================================================

==================================================
PASSO 6: Subvetor de indices [0 a 5]
Pivo Escolhido: 66
--------------------------------------------------
 [Troca]: 66 (pos 3) <->  43 (pos 5)
--------------------------------------------------
Estado do vetor apos o PASSO 6: 30 34 9 43 21 66 77 141 83 119 95 123 104 67 146 104 94 108 157 88 135 127 221 305 275 162 285 263 233 164 254 303 232 352 346 316 331 328 372 552 417 390 524 377 627 413 373 660 494 734 392 490 394 647 585 523 433 731 488 538 483 477 485 380 631 676 556 697 724 512 495 688 545 550 657 487 583 612 902 960 841 902 973 886 746 901 746 798 984 967 851 890 875 835 832 853 842 747 832 832 
==================================================

==================================================
PASSO 7: Subvetor de indices [0 a 4]
Pivo Escolhido: 9
--------------------------------------------------
 [Troca]: 30 (pos 0) <->  9 (pos 2)
--------------------------------------------------
Estado do vetor apos o PASSO 7: 9 34 30 43 21 66 77 141 83 119 95 123 104 67 146 104 94 108 157 88 135 127 221 305 275 162 285 263 233 164 254 303 232 352 346 316 331 328 372 552 417 390 524 377 627 413 373 660 494 734 392 490 394 647 585 523 433 731 488 538 483 477 485 380 631 676 556 697 724 512 495 688 545 550 657 487 583 612 902 960 841 902 973 886 746 901 746 798 984 967 851 890 875 835 832 853 842 747 832 832 
==================================================

==================================================
PASSO 8: Subvetor de indices [1 a 4]
Pivo Escolhido: 43
--------------------------------------------------
 [Troca]: 43 (pos 3) <->  21 (pos 4)
--------------------------------------------------
Estado do vetor apos o PASSO 8: 9 34 30 21 43 66 77 141 83 119 95 123 104 67 146 104 94 108 157 88 135 127 221 305 275 162 285 263 233 164 254 303 232 352 346 316 331 328 372 552 417 390 524 377 627 413 373 660 494 734 392 490 394 647 585 523 433 731 488 538 483 477 485 380 631 676 556 697 724 512 495 688 545 550 657 487 583 612 902 960 841 902 973 886 746 901 746 798 984 967 851 890 875 835 832 853 842 747 832 832 
==================================================

==================================================
PASSO 9: Subvetor de indices [1 a 3]
Pivo Escolhido: 30
--------------------------------------------------
 [Troca]: 34 (pos 1) <->  21 (pos 3)
 [Troca]: 30 (pos 2) <->  30 (pos 2)
--------------------------------------------------
Estado do vetor apos o PASSO 9: 9 21 30 34 43 66 77 141 83 119 95 123 104 67 146 104 94 108 157 88 135 127 221 305 275 162 285 263 233 164 254 303 232 352 346 316 331 328 372 552 417 390 524 377 627 413 373 660 494 734 392 490 394 647 585 523 433 731 488 538 483 477 485 380 631 676 556 697 724 512 495 688 545 550 657 487 583 612 902 960 841 902 973 886 746 901 746 798 984 967 851 890 875 835 832 853 842 747 832 832 
==================================================

==================================================
PASSO 10: Subvetor de indices [6 a 21]
Pivo Escolhido: 146
--------------------------------------------------
 [Troca]: 146 (pos 14) <->  127 (pos 21)
 [Troca]: 157 (pos 18) <->  135 (pos 20)
--------------------------------------------------
Estado do vetor apos o PASSO 10: 9 21 30 34 43 66 77 141 83 119 95 123 104 67 127 104 94 108 135 88 157 146 221 305 275 162 285 263 233 164 254 303 232 352 346 316 331 328 372 552 417 390 524 377 627 413 373 660 494 734 392 490 394 647 585 523 433 731 488 538 483 477 485 380 631 676 556 697 724 512 495 688 545 550 657 487 583 612 902 960 841 902 973 886 746 901 746 798 984 967 851 890 875 835 832 853 842 747 832 832 
==================================================

==================================================
PASSO 11: Subvetor de indices [6 a 19]
Pivo Escolhido: 67
--------------------------------------------------
 [Troca]: 77 (pos 6) <->  67 (pos 13)
--------------------------------------------------
Estado do vetor apos o PASSO 11: 9 21 30 34 43 66 67 141 83 119 95 123 104 77 127 104 94 108 135 88 157 146 221 305 275 162 285 263 233 164 254 303 232 352 346 316 331 328 372 552 417 390 524 377 627 413 373 660 494 734 392 490 394 647 585 523 433 731 488 538 483 477 485 380 631 676 556 697 724 512 495 688 545 550 657 487 583 612 902 960 841 902 973 886 746 901 746 798 984 967 851 890 875 835 832 853 842 747 832 832 
==================================================

==================================================
PASSO 12: Subvetor de indices [7 a 19]
Pivo Escolhido: 77
--------------------------------------------------
 [Troca]: 141 (pos 7) <->  77 (pos 13)
--------------------------------------------------
Estado do vetor apos o PASSO 12: 9 21 30 34 43 66 67 77 83 119 95 123 104 141 127 104 94 108 135 88 157 146 221 305 275 162 285 263 233 164 254 303 232 352 346 316 331 328 372 552 417 390 524 377 627 413 373 660 494 734 392 490 394 647 585 523 433 731 488 538 483 477 485 380 631 676 556 697 724 512 495 688 545 550 657 487 583 612 902 960 841 902 973 886 746 901 746 798 984 967 851 890 875 835 832 853 842 747 832 832 
==================================================

==================================================
PASSO 13: Subvetor de indices [8 a 19]
Pivo Escolhido: 127
--------------------------------------------------
 [Troca]: 141 (pos 13) <->  88 (pos 19)
 [Troca]: 127 (pos 14) <->  108 (pos 17)
--------------------------------------------------
Estado do vetor apos o PASSO 13: 9 21 30 34 43 66 67 77 83 119 95 123 104 88 108 104 94 127 135 141 157 146 221 305 275 162 285 263 233 164 254 303 232 352 346 316 331 328 372 552 417 390 524 377 627 413 373 660 494 734 392 490 394 647 585 523 433 731 488 538 483 477 485 380 631 676 556 697 724 512 495 688 545 550 657 487 583 612 902 960 841 902 973 886 746 901 746 798 984 967 851 890 875 835 832 853 842 747 832 832 
==================================================

==================================================
PASSO 14: Subvetor de indices [8 a 16]
Pivo Escolhido: 104
--------------------------------------------------
 [Troca]: 119 (pos 9) <->  94 (pos 16)
 [Troca]: 123 (pos 11) <->  104 (pos 15)
 [Troca]: 104 (pos 12) <->  88 (pos 13)
--------------------------------------------------
Estado do vetor apos o PASSO 14: 9 21 30 34 43 66 67 77 83 94 95 104 88 104 108 123 119 127 135 141 157 146 221 305 275 162 285 263 233 164 254 303 232 352 346 316 331 328 372 552 417 390 524 377 627 413 373 660 494 734 392 490 394 647 585 523 433 731 488 538 483 477 485 380 631 676 556 697 724 512 495 688 545 550 657 487 583 612 902 960 841 902 973 886 746 901 746 798 984 967 851 890 875 835 832 853 842 747 832 832 
==================================================

==================================================
PASSO 15: Subvetor de indices [8 a 12]
Pivo Escolhido: 95
--------------------------------------------------
 [Troca]: 95 (pos 10) <->  88 (pos 12)
--------------------------------------------------
Estado do vetor apos o PASSO 15: 9 21 30 34 43 66 67 77 83 94 88 104 95 104 108 123 119 127 135 141 157 146 221 305 275 162 285 263 233 164 254 303 232 352 346 316 331 328 372 552 417 390 524 377 627 413 373 660 494 734 392 490 394 647 585 523 433 731 488 538 483 477 485 380 631 676 556 697 724 512 495 688 545 550 657 487 583 612 902 960 841 902 973 886 746 901 746 798 984 967 851 890 875 835 832 853 842 747 832 832 
==================================================

==================================================
PASSO 16: Subvetor de indices [8 a 10]
Pivo Escolhido: 94
--------------------------------------------------
 [Troca]: 94 (pos 9) <->  88 (pos 10)
--------------------------------------------------
Estado do vetor apos o PASSO 16: 9 21 30 34 43 66 67 77 83 88 94 104 95 104 108 123 119 127 135 141 157 146 221 305 275 162 285 263 233 164 254 303 232 352 346 316 331 328 372 552 417 390 524 377 627 413 373 660 494 734 392 490 394 647 585 523 433 731 488 538 483 477 485 380 631 676 556 697 724 512 495 688 545 550 657 487 583 612 902 960 841 902 973 886 746 901 746 798 984 967 851 890 875 835 832 853 842 747 832 832 
==================================================

==================================================
PASSO 17: Subvetor de indices [8 a 9]
Pivo Escolhido: 88
--------------------------------------------------
 [Troca]: 88 (pos 9) <->  88 (pos 9)
--------------------------------------------------
Estado do vetor apos o PASSO 17: 9 21 30 34 43 66 67 77 83 88 94 104 95 104 108 123 119 127 135 141 157 146 221 305 275 162 285 263 233 164 254 303 232 352 346 316 331 328 372 552 417 390 524 377 627 413 373 660 494 734 392 490 394 647 585 523 433 731 488 538 483 477 485 380 631 676 556 697 724 512 495 688 545 550 657 487 583 612 902 960 841 902 973 886 746 901 746 798 984 967 851 890 875 835 832 853 842 747 832 832 
==================================================

==================================================
PASSO 18: Subvetor de indices [11 a 12]
Pivo Escolhido: 95
--------------------------------------------------
 [Troca]: 104 (pos 11) <->  95 (pos 12)
--------------------------------------------------
Estado do vetor apos o PASSO 18: 9 21 30 34 43 66 67 77 83 88 94 95 104 104 108 123 119 127 135 141 157 146 221 305 275 162 285 263 233 164 254 303 232 352 346 316 331 328 372 552 417 390 524 377 627 413 373 660 494 734 392 490 394 647 585 523 433 731 488 538 483 477 485 380 631 676 556 697 724 512 495 688 545 550 657 487 583 612 902 960 841 902 973 886 746 901 746 798 984 967 851 890 875 835 832 853 842 747 832 832 
==================================================

==================================================
PASSO 19: Subvetor de indices [13 a 16]
Pivo Escolhido: 123
--------------------------------------------------
 [Troca]: 123 (pos 15) <->  119 (pos 16)
--------------------------------------------------
Estado do vetor apos o PASSO 19: 9 21 30 34 43 66 67 77 83 88 94 95 104 104 108 119 123 127 135 141 157 146 221 305 275 162 285 263 233 164 254 303 232 352 346 316 331 328 372 552 417 390 524 377 627 413 373 660 494 734 392 490 394 647 585 523 433 731 488 538 483 477 485 380 631 676 556 697 724 512 495 688 545 550 657 487 583 612 902 960 841 902 973 886 746 901 746 798 984 967 851 890 875 835 832 853 842 747 832 832 
==================================================

==================================================
PASSO 20: Subvetor de indices [13 a 15]
Pivo Escolhido: 108
--------------------------------------------------
 [Troca]: 108 (pos 14) <->  108 (pos 14)
--------------------------------------------------
Estado do vetor apos o PASSO 20: 9 21 30 34 43 66 67 77 83 88 94 95 104 104 108 119 123 127 135 141 157 146 221 305 275 162 285 263 233 164 254 303 232 352 346 316 331 328 372 552 417 390 524 377 627 413 373 660 494 734 392 490 394 647 585 523 433 731 488 538 483 477 485 380 631 676 556 697 724 512 495 688 545 550 657 487 583 612 902 960 841 902 973 886 746 901 746 798 984 967 851 890 875 835 832 853 842 747 832 832 
==================================================

==================================================
PASSO 21: Subvetor de indices [17 a 19]
Pivo Escolhido: 135
--------------------------------------------------
 [Troca]: 135 (pos 18) <->  135 (pos 18)
--------------------------------------------------
Estado do vetor apos o PASSO 21: 9 21 30 34 43 66 67 77 83 88 94 95 104 104 108 119 123 127 135 141 157 146 221 305 275 162 285 263 233 164 254 303 232 352 346 316 331 328 372 552 417 390 524 377 627 413 373 660 494 734 392 490 394 647 585 523 433 731 488 538 483 477 485 380 631 676 556 697 724 512 495 688 545 550 657 487 583 612 902 960 841 902 973 886 746 901 746 798 984 967 851 890 875 835 832 853 842 747 832 832 
==================================================

==================================================
PASSO 22: Subvetor de indices [20 a 21]
Pivo Escolhido: 146
--------------------------------------------------
 [Troca]: 157 (pos 20) <->  146 (pos 21)
--------------------------------------------------
Estado do vetor apos o PASSO 22: 9 21 30 34 43 66 67 77 83 88 94 95 104 104 108 119 123 127 135 141 146 157 221 305 275 162 285 263 233 164 254 303 232 352 346 316 331 328 372 552 417 390 524 377 627 413 373 660 494 734 392 490 394 647 585 523 433 731 488 538 483 477 485 380 631 676 556 697 724 512 495 688 545 550 657 487 583 612 902 960 841 902 973 886 746 901 746 798 984 967 851 890 875 835 832 853 842 747 832 832 
==================================================

==================================================
PASSO 23: Subvetor de indices [22 a 32]
Pivo Escolhido: 263
--------------------------------------------------
 [Troca]: 305 (pos 23) <->  232 (pos 32)
 [Troca]: 275 (pos 24) <->  254 (pos 30)
 [Troca]: 285 (pos 26) <->  164 (pos 29)
 [Troca]: 263 (pos 27) <->  233 (pos 28)
--------------------------------------------------
Estado do vetor apos o PASSO 23: 9 21 30 34 43 66 67 77 83 88 94 95 104 104 108 119 123 127 135 141 146 157 221 232 254 162 164 233 263 285 275 303 305 352 346 316 331 328 372 552 417 390 524 377 627 413 373 660 494 734 392 490 394 647 585 523 433 731 488 538 483 477 485 380 631 676 556 697 724 512 495 688 545 550 657 487 583 612 902 960 841 902 973 886 746 901 746 798 984 967 851 890 875 835 832 853 842 747 832 832 
==================================================

==================================================
PASSO 24: Subvetor de indices [22 a 27]
Pivo Escolhido: 162
--------------------------------------------------
 [Troca]: 221 (pos 22) <->  162 (pos 25)
--------------------------------------------------
Estado do vetor apos o PASSO 24: 9 21 30 34 43 66 67 77 83 88 94 95 104 104 108 119 123 127 135 141 146 157 162 232 254 221 164 233 263 285 275 303 305 352 346 316 331 328 372 552 417 390 524 377 627 413 373 660 494 734 392 490 394 647 585 523 433 731 488 538 483 477 485 380 631 676 556 697 724 512 495 688 545 550 657 487 583 612 902 960 841 902 973 886 746 901 746 798 984 967 851 890 875 835 832 853 842 747 832 832 
==================================================

==================================================
PASSO 25: Subvetor de indices [23 a 27]
Pivo Escolhido: 221
--------------------------------------------------
 [Troca]: 232 (pos 23) <->  164 (pos 26)
 [Troca]: 254 (pos 24) <->  221 (pos 25)
--------------------------------------------------
Estado do vetor apos o PASSO 25: 9 21 30 34 43 66 67 77 83 88 94 95 104 104 108 119 123 127 135 141 146 157 162 164 221 254 232 233 263 285 275 303 305 352 346 316 331 328 372 552 417 390 524 377 627 413 373 660 494 734 392 490 394 647 585 523 433 731 488 538 483 477 485 380 631 676 556 697 724 512 495 688 545 550 657 487 583 612 902 960 841 902 973 886 746 901 746 798 984 967 851 890 875 835 832 853 842 747 832 832 
==================================================

==================================================
PASSO 26: Subvetor de indices [23 a 24]
Pivo Escolhido: 221
--------------------------------------------------
 [Troca]: 221 (pos 24) <->  221 (pos 24)
--------------------------------------------------
Estado do vetor apos o PASSO 26: 9 21 30 34 43 66 67 77 83 88 94 95 104 104 108 119 123 127 135 141 146 157 162 164 221 254 232 233 263 285 275 303 305 352 346 316 331 328 372 552 417 390 524 377 627 413 373 660 494 734 392 490 394 647 585 523 433 731 488 538 483 477 485 380 631 676 556 697 724 512 495 688 545 550 657 487 583 612 902 960 841 902 973 886 746 901 746 798 984 967 851 890 875 835 832 853 842 747 832 832 
==================================================

==================================================
PASSO 27: Subvetor de indices [25 a 27]
Pivo Escolhido: 232
--------------------------------------------------
 [Troca]: 254 (pos 25) <->  232 (pos 26)
--------------------------------------------------
Estado do vetor apos o PASSO 27: 9 21 30 34 43 66 67 77 83 88 94 95 104 104 108 119 123 127 135 141 146 157 162 164 221 232 254 233 263 285 275 303 305 352 346 316 331 328 372 552 417 390 524 377 627 413 373 660 494 734 392 490 394 647 585 523 433 731 488 538 483 477 485 380 631 676 556 697 724 512 495 688 545 550 657 487 583 612 902 960 841 902 973 886 746 901 746 798 984 967 851 890 875 835 832 853 842 747 832 832 
==================================================

==================================================
PASSO 28: Subvetor de indices [26 a 27]
Pivo Escolhido: 233
--------------------------------------------------
 [Troca]: 254 (pos 26) <->  233 (pos 27)
--------------------------------------------------
Estado do vetor apos o PASSO 28: 9 21 30 34 43 66 67 77 83 88 94 95 104 104 108 119 123 127 135 141 146 157 162 164 221 232 233 254 263 285 275 303 305 352 346 316 331 328 372 552 417 390 524 377 627 413 373 660 494 734 392 490 394 647 585 523 433 731 488 538 483 477 485 380 631 676 556 697 724 512 495 688 545 550 657 487 583 612 902 960 841 902 973 886 746 901 746 798 984 967 851 890 875 835 832 853 842 747 832 832 
==================================================

==================================================
PASSO 29: Subvetor de indices [28 a 32]
Pivo Escolhido: 275
--------------------------------------------------
 [Troca]: 285 (pos 29) <->  275 (pos 30)
--------------------------------------------------
Estado do vetor apos o PASSO 29: 9 21 30 34 43 66 67 77 83 88 94 95 104 104 108 119 123 127 135 141 146 157 162 164 221 232 233 254 263 275 285 303 305 352 346 316 331 328 372 552 417 390 524 377 627 413 373 660 494 734 392 490 394 647 585 523 433 731 488 538 483 477 485 380 631 676 556 697 724 512 495 688 545 550 657 487 583 612 902 960 841 902 973 886 746 901 746 798 984 967 851 890 875 835 832 853 842 747 832 832 
==================================================

==================================================
PASSO 30: Subvetor de indices [28 a 29]
Pivo Escolhido: 275
--------------------------------------------------
 [Troca]: 275 (pos 29) <->  275 (pos 29)
--------------------------------------------------
Estado do vetor apos o PASSO 30: 9 21 30 34 43 66 67 77 83 88 94 95 104 104 108 119 123 127 135 141 146 157 162 164 221 232 233 254 263 275 285 303 305 352 346 316 331 328 372 552 417 390 524 377 627 413 373 660 494 734 392 490 394 647 585 523 433 731 488 538 483 477 485 380 631 676 556 697 724 512 495 688 545 550 657 487 583 612 902 960 841 902 973 886 746 901 746 798 984 967 851 890 875 835 832 853 842 747 832 832 
==================================================

==================================================
PASSO 31: Subvetor de indices [30 a 32]
Pivo Escolhido: 303
--------------------------------------------------
 [Troca]: 303 (pos 31) <->  303 (pos 31)
--------------------------------------------------
Estado do vetor apos o PASSO 31: 9 21 30 34 43 66 67 77 83 88 94 95 104 104 108 119 123 127 135 141 146 157 162 164 221 232 233 254 263 275 285 303 305 352 346 316 331 328 372 552 417 390 524 377 627 413 373 660 494 734 392 490 394 647 585 523 433 731 488 538 483 477 485 380 631 676 556 697 724 512 495 688 545 550 657 487 583 612 902 960 841 902 973 886 746 901 746 798 984 967 851 890 875 835 832 853 842 747 832 832 
==================================================

==================================================
PASSO 32: Subvetor de indices [33 a 38]
Pivo Escolhido: 331
--------------------------------------------------
 [Troca]: 352 (pos 33) <->  328 (pos 37)
 [Troca]: 346 (pos 34) <->  331 (pos 36)
--------------------------------------------------
Estado do vetor apos o PASSO 32: 9 21 30 34 43 66 67 77 83 88 94 95 104 104 108 119 123 127 135 141 146 157 162 164 221 232 233 254 263 275 285 303 305 328 331 316 346 352 372 552 417 390 524 377 627 413 373 660 494 734 392 490 394 647 585 523 433 731 488 538 483 477 485 380 631 676 556 697 724 512 495 688 545 550 657 487 583 612 902 960 841 902 973 886 746 901 746 798 984 967 851 890 875 835 832 853 842 747 832 832 
==================================================

==================================================
PASSO 33: Subvetor de indices [33 a 35]
Pivo Escolhido: 331
--------------------------------------------------
 [Troca]: 331 (pos 34) <->  316 (pos 35)
--------------------------------------------------
Estado do vetor apos o PASSO 33: 9 21 30 34 43 66 67 77 83 88 94 95 104 104 108 119 123 127 135 141 146 157 162 164 221 232 233 254 263 275 285 303 305 328 316 331 346 352 372 552 417 390 524 377 627 413 373 660 494 734 392 490 394 647 585 523 433 731 488 538 483 477 485 380 631 676 556 697 724 512 495 688 545 550 657 487 583 612 902 960 841 902 973 886 746 901 746 798 984 967 851 890 875 835 832 853 842 747 832 832 
==================================================

==================================================
PASSO 34: Subvetor de indices [33 a 34]
Pivo Escolhido: 316
--------------------------------------------------
 [Troca]: 328 (pos 33) <->  316 (pos 34)
--------------------------------------------------
Estado do vetor apos o PASSO 34: 9 21 30 34 43 66 67 77 83 88 94 95 104 104 108 119 123 127 135 141 146 157 162 164 221 232 233 254 263 275 285 303 305 316 328 331 346 352 372 552 417 390 524 377 627 413 373 660 494 734 392 490 394 647 585 523 433 731 488 538 483 477 485 380 631 676 556 697 724 512 495 688 545 550 657 487 583 612 902 960 841 902 973 886 746 901 746 798 984 967 851 890 875 835 832 853 842 747 832 832 
==================================================

==================================================
PASSO 35: Subvetor de indices [36 a 38]
Pivo Escolhido: 352
--------------------------------------------------
 [Troca]: 352 (pos 37) <->  352 (pos 37)
--------------------------------------------------
Estado do vetor apos o PASSO 35: 9 21 30 34 43 66 67 77 83 88 94 95 104 104 108 119 123 127 135 141 146 157 162 164 221 232 233 254 263 275 285 303 305 316 328 331 346 352 372 552 417 390 524 377 627 413 373 660 494 734 392 490 394 647 585 523 433 731 488 538 483 477 485 380 631 676 556 697 724 512 495 688 545 550 657 487 583 612 902 960 841 902 973 886 746 901 746 798 984 967 851 890 875 835 832 853 842 747 832 832 
==================================================

==================================================
PASSO 36: Subvetor de indices [39 a 77]
Pivo Escolhido: 488
--------------------------------------------------
 [Troca]: 552 (pos 39) <->  487 (pos 75)
 [Troca]: 524 (pos 42) <->  380 (pos 63)
 [Troca]: 627 (pos 44) <->  485 (pos 62)
 [Troca]: 660 (pos 47) <->  477 (pos 61)
 [Troca]: 494 (pos 48) <->  483 (pos 60)
 [Troca]: 734 (pos 49) <->  488 (pos 58)
 [Troca]: 490 (pos 51) <->  433 (pos 56)
--------------------------------------------------
Estado do vetor apos o PASSO 36: 9 21 30 34 43 66 67 77 83 88 94 95 104 104 108 119 123 127 135 141 146 157 162 164 221 232 233 254 263 275 285 303 305 316 328 331 346 352 372 487 417 390 380 377 485 413 373 477 483 488 392 433 394 647 585 523 490 731 734 538 494 660 627 524 631 676 556 697 724 512 495 688 545 550 657 552 583 612 902 960 841 902 973 886 746 901 746 798 984 967 851 890 875 835 832 853 842 747 832 832 
==================================================

==================================================
PASSO 37: Subvetor de indices [39 a 52]
Pivo Escolhido: 373
--------------------------------------------------
 [Troca]: 487 (pos 39) <->  373 (pos 46)
--------------------------------------------------
Estado do vetor apos o PASSO 37: 9 21 30 34 43 66 67 77 83 88 94 95 104 104 108 119 123 127 135 141 146 157 162 164 221 232 233 254 263 275 285 303 305 316 328 331 346 352 372 373 417 390 380 377 485 413 487 477 483 488 392 433 394 647 585 523 490 731 734 538 494 660 627 524 631 676 556 697 724 512 495 688 545 550 657 552 583 612 902 960 841 902 973 886 746 901 746 798 984 967 851 890 875 835 832 853 842 747 832 832 
==================================================

==================================================
PASSO 38: Subvetor de indices [40 a 52]
Pivo Escolhido: 487
--------------------------------------------------
 [Troca]: 487 (pos 46) <->  394 (pos 52)
 [Troca]: 488 (pos 49) <->  433 (pos 51)
--------------------------------------------------
Estado do vetor apos o PASSO 38: 9 21 30 34 43 66 67 77 83 88 94 95 104 104 108 119 123 127 135 141 146 157 162 164 221 232 233 254 263 275 285 303 305 316 328 331 346 352 372 373 417 390 380 377 485 413 394 477 483 433 392 488 487 647 585 523 490 731 734 538 494 660 627 524 631 676 556 697 724 512 495 688 545 550 657 552 583 612 902 960 841 902 973 886 746 901 746 798 984 967 851 890 875 835 832 853 842 747 832 832 
==================================================

==================================================
PASSO 39: Subvetor de indices [40 a 50]
Pivo Escolhido: 413
--------------------------------------------------
 [Troca]: 417 (pos 40) <->  392 (pos 50)
 [Troca]: 485 (pos 44) <->  394 (pos 46)
 [Troca]: 413 (pos 45) <->  413 (pos 45)
--------------------------------------------------
Estado do vetor apos o PASSO 39: 9 21 30 34 43 66 67 77 83 88 94 95 104 104 108 119 123 127 135 141 146 157 162 164 221 232 233 254 263 275 285 303 305 316 328 331 346 352 372 373 392 390 380 377 394 413 485 477 483 433 417 488 487 647 585 523 490 731 734 538 494 660 627 524 631 676 556 697 724 512 495 688 545 550 657 552 583 612 902 960 841 902 973 886 746 901 746 798 984 967 851 890 875 835 832 853 842 747 832 832 
==================================================

==================================================
PASSO 40: Subvetor de indices [40 a 44]
Pivo Escolhido: 380
--------------------------------------------------
 [Troca]: 392 (pos 40) <->  377 (pos 43)
 [Troca]: 390 (pos 41) <->  380 (pos 42)
--------------------------------------------------
Estado do vetor apos o PASSO 40: 9 21 30 34 43 66 67 77 83 88 94 95 104 104 108 119 123 127 135 141 146 157 162 164 221 232 233 254 263 275 285 303 305 316 328 331 346 352 372 373 377 380 390 392 394 413 485 477 483 433 417 488 487 647 585 523 490 731 734 538 494 660 627 524 631 676 556 697 724 512 495 688 545 550 657 552 583 612 902 960 841 902 973 886 746 901 746 798 984 967 851 890 875 835 832 853 842 747 832 832 
==================================================

==================================================
PASSO 41: Subvetor de indices [40 a 41]
Pivo Escolhido: 380
--------------------------------------------------
 [Troca]: 380 (pos 41) <->  380 (pos 41)
--------------------------------------------------
Estado do vetor apos o PASSO 41: 9 21 30 34 43 66 67 77 83 88 94 95 104 104 108 119 123 127 135 141 146 157 162 164 221 232 233 254 263 275 285 303 305 316 328 331 346 352 372 373 377 380 390 392 394 413 485 477 483 433 417 488 487 647 585 523 490 731 734 538 494 660 627 524 631 676 556 697 724 512 495 688 545 550 657 552 583 612 902 960 841 902 973 886 746 901 746 798 984 967 851 890 875 835 832 853 842 747 832 832 
==================================================

==================================================
PASSO 42: Subvetor de indices [42 a 44]
Pivo Escolhido: 392
--------------------------------------------------
 [Troca]: 392 (pos 43) <->  392 (pos 43)
--------------------------------------------------
Estado do vetor apos o PASSO 42: 9 21 30 34 43 66 67 77 83 88 94 95 104 104 108 119 123 127 135 141 146 157 162 164 221 232 233 254 263 275 285 303 305 316 328 331 346 352 372 373 377 380 390 392 394 413 485 477 483 433 417 488 487 647 585 523 490 731 734 538 494 660 627 524 631 676 556 697 724 512 495 688 545 550 657 552 583 612 902 960 841 902 973 886 746 901 746 798 984 967 851 890 875 835 832 853 842 747 832 832 
==================================================

==================================================
PASSO 43: Subvetor de indices [46 a 50]
Pivo Escolhido: 483
--------------------------------------------------
 [Troca]: 485 (pos 46) <->  417 (pos 50)
 [Troca]: 483 (pos 48) <->  433 (pos 49)
--------------------------------------------------
Estado do vetor apos o PASSO 43: 9 21 30 34 43 66 67 77 83 88 94 95 104 104 108 119 123 127 135 141 146 157 162 164 221 232 233 254 263 275 285 303 305 316 328 331 346 352 372 373 377 380 390 392 394 413 417 477 433 483 485 488 487 647 585 523 490 731 734 538 494 660 627 524 631 676 556 697 724 512 495 688 545 550 657 552 583 612 902 960 841 902 973 886 746 901 746 798 984 967 851 890 875 835 832 853 842 747 832 832 
==================================================

==================================================
PASSO 44: Subvetor de indices [46 a 48]
Pivo Escolhido: 477
--------------------------------------------------
 [Troca]: 477 (pos 47) <->  433 (pos 48)
--------------------------------------------------
Estado do vetor apos o PASSO 44: 9 21 30 34 43 66 67 77 83 88 94 95 104 104 108 119 123 127 135 141 146 157 162 164 221 232 233 254 263 275 285 303 305 316 328 331 346 352 372 373 377 380 390 392 394 413 417 433 477 483 485 488 487 647 585 523 490 731 734 538 494 660 627 524 631 676 556 697 724 512 495 688 545 550 657 552 583 612 902 960 841 902 973 886 746 901 746 798 984 967 851 890 875 835 832 853 842 747 832 832 
==================================================

==================================================
PASSO 45: Subvetor de indices [46 a 47]
Pivo Escolhido: 433
--------------------------------------------------
 [Troca]: 433 (pos 47) <->  433 (pos 47)
--------------------------------------------------
Estado do vetor apos o PASSO 45: 9 21 30 34 43 66 67 77 83 88 94 95 104 104 108 119 123 127 135 141 146 157 162 164 221 232 233 254 263 275 285 303 305 316 328 331 346 352 372 373 377 380 390 392 394 413 417 433 477 483 485 488 487 647 585 523 490 731 734 538 494 660 627 524 631 676 556 697 724 512 495 688 545 550 657 552 583 612 902 960 841 902 973 886 746 901 746 798 984 967 851 890 875 835 832 853 842 747 832 832 
==================================================

==================================================
PASSO 46: Subvetor de indices [49 a 50]
Pivo Escolhido: 485
--------------------------------------------------
 [Troca]: 485 (pos 50) <->  485 (pos 50)
--------------------------------------------------
Estado do vetor apos o PASSO 46: 9 21 30 34 43 66 67 77 83 88 94 95 104 104 108 119 123 127 135 141 146 157 162 164 221 232 233 254 263 275 285 303 305 316 328 331 346 352 372 373 377 380 390 392 394 413 417 433 477 483 485 488 487 647 585 523 490 731 734 538 494 660 627 524 631 676 556 697 724 512 495 688 545 550 657 552 583 612 902 960 841 902 973 886 746 901 746 798 984 967 851 890 875 835 832 853 842 747 832 832 
==================================================

==================================================
PASSO 47: Subvetor de indices [51 a 52]
Pivo Escolhido: 487
--------------------------------------------------
 [Troca]: 488 (pos 51) <->  487 (pos 52)
--------------------------------------------------
Estado do vetor apos o PASSO 47: 9 21 30 34 43 66 67 77 83 88 94 95 104 104 108 119 123 127 135 141 146 157 162 164 221 232 233 254 263 275 285 303 305 316 328 331 346 352 372 373 377 380 390 392 394 413 417 433 477 483 485 487 488 647 585 523 490 731 734 538 494 660 627 524 631 676 556 697 724 512 495 688 545 550 657 552 583 612 902 960 841 902 973 886 746 901 746 798 984 967 851 890 875 835 832 853 842 747 832 832 
==================================================

==================================================
PASSO 48: Subvetor de indices [53 a 77]
Pivo Escolhido: 676
--------------------------------------------------
 [Troca]: 731 (pos 57) <->  612 (pos 77)
 [Troca]: 734 (pos 58) <->  583 (pos 76)
 [Troca]: 676 (pos 65) <->  552 (pos 75)
 [Troca]: 697 (pos 67) <->  657 (pos 74)
 [Troca]: 724 (pos 68) <->  550 (pos 73)
 [Troca]: 688 (pos 71) <->  545 (pos 72)
--------------------------------------------------
Estado do vetor apos o PASSO 48: 9 21 30 34 43 66 67 77 83 88 94 95 104 104 108 119 123 127 135 141 146 157 162 164 221 232 233 254 263 275 285 303 305 316 328 331 346 352 372 373 377 380 390 392 394 413 417 433 477 483 485 487 488 647 585 523 490 612 583 538 494 660 627 524 631 552 556 657 550 512 495 545 688 724 697 676 734 731 902 960 841 902 973 886 746 901 746 798 984 967 851 890 875 835 832 853 842 747 832 832 
==================================================

==================================================
PASSO 49: Subvetor de indices [53 a 71]
Pivo Escolhido: 627
--------------------------------------------------
 [Troca]: 647 (pos 53) <->  545 (pos 71)
 [Troca]: 660 (pos 61) <->  495 (pos 70)
 [Troca]: 627 (pos 62) <->  512 (pos 69)
 [Troca]: 631 (pos 64) <->  550 (pos 68)
--------------------------------------------------
Estado do vetor apos o PASSO 49: 9 21 30 34 43 66 67 77 83 88 94 95 104 104 108 119 123 127 135 141 146 157 162 164 221 232 233 254 263 275 285 303 305 316 328 331 346 352 372 373 377 380 390 392 394 413 417 433 477 483 485 487 488 545 585 523 490 612 583 538 494 495 512 524 550 552 556 657 631 627 660 647 688 724 697 676 734 731 902 960 841 902 973 886 746 901 746 798 984 967 851 890 875 835 832 853 842 747 832 832 
==================================================

==================================================
PASSO 50: Subvetor de indices [53 a 66]
Pivo Escolhido: 494
--------------------------------------------------
 [Troca]: 545 (pos 53) <->  494 (pos 60)
 [Troca]: 585 (pos 54) <->  490 (pos 56)
--------------------------------------------------
Estado do vetor apos o PASSO 50: 9 21 30 34 43 66 67 77 83 88 94 95 104 104 108 119 123 127 135 141 146 157 162 164 221 232 233 254 263 275 285 303 305 316 328 331 346 352 372 373 377 380 390 392 394 413 417 433 477 483 485 487 488 494 490 523 585 612 583 538 545 495 512 524 550 552 556 657 631 627 660 647 688 724 697 676 734 731 902 960 841 902 973 886 746 901 746 798 984 967 851 890 875 835 832 853 842 747 832 832 
==================================================

==================================================
PASSO 51: Subvetor de indices [53 a 54]
Pivo Escolhido: 490
--------------------------------------------------
 [Troca]: 494 (pos 53) <->  490 (pos 54)
--------------------------------------------------
Estado do vetor apos o PASSO 51: 9 21 30 34 43 66 67 77 83 88 94 95 104 104 108 119 123 127 135 141 146 157 162 164 221 232 233 254 263 275 285 303 305 316 328 331 346 352 372 373 377 380 390 392 394 413 417 433 477 483 485 487 488 490 494 523 585 612 583 538 545 495 512 524 550 552 556 657 631 627 660 647 688 724 697 676 734 731 902 960 841 902 973 886 746 901 746 798 984 967 851 890 875 835 832 853 842 747 832 832 
==================================================

==================================================
PASSO 52: Subvetor de indices [55 a 66]
Pivo Escolhido: 495
--------------------------------------------------
 [Troca]: 523 (pos 55) <->  495 (pos 61)
--------------------------------------------------
Estado do vetor apos o PASSO 52: 9 21 30 34 43 66 67 77 83 88 94 95 104 104 108 119 123 127 135 141 146 157 162 164 221 232 233 254 263 275 285 303 305 316 328 331 346 352 372 373 377 380 390 392 394 413 417 433 477 483 485 487 488 490 494 495 585 612 583 538 545 523 512 524 550 552 556 657 631 627 660 647 688 724 697 676 734 731 902 960 841 902 973 886 746 901 746 798 984 967 851 890 875 835 832 853 842 747 832 832 
==================================================

==================================================
PASSO 53: Subvetor de indices [56 a 66]
Pivo Escolhido: 523
--------------------------------------------------
 [Troca]: 585 (pos 56) <->  512 (pos 62)
 [Troca]: 612 (pos 57) <->  523 (pos 61)
--------------------------------------------------
Estado do vetor apos o PASSO 53: 9 21 30 34 43 66 67 77 83 88 94 95 104 104 108 119 123 127 135 141 146 157 162 164 221 232 233 254 263 275 285 303 305 316 328 331 346 352 372 373 377 380 390 392 394 413 417 433 477 483 485 487 488 490 494 495 512 523 583 538 545 612 585 524 550 552 556 657 631 627 660 647 688 724 697 676 734 731 902 960 841 902 973 886 746 901 746 798 984 967 851 890 875 835 832 853 842 747 832 832 
==================================================

==================================================
PASSO 54: Subvetor de indices [56 a 57]
Pivo Escolhido: 523
--------------------------------------------------
 [Troca]: 523 (pos 57) <->  523 (pos 57)
--------------------------------------------------
Estado do vetor apos o PASSO 54: 9 21 30 34 43 66 67 77 83 88 94 95 104 104 108 119 123 127 135 141 146 157 162 164 221 232 233 254 263 275 285 303 305 316 328 331 346 352 372 373 377 380 390 392 394 413 417 433 477 483 485 487 488 490 494 495 512 523 583 538 545 612 585 524 550 552 556 657 631 627 660 647 688 724 697 676 734 731 902 960 841 902 973 886 746 901 746 798 984 967 851 890 875 835 832 853 842 747 832 832 
==================================================

==================================================
PASSO 55: Subvetor de indices [58 a 66]
Pivo Escolhido: 585
--------------------------------------------------
 [Troca]: 612 (pos 61) <->  556 (pos 66)
 [Troca]: 585 (pos 62) <->  552 (pos 65)
--------------------------------------------------
Estado do vetor apos o PASSO 55: 9 21 30 34 43 66 67 77 83 88 94 95 104 104 108 119 123 127 135 141 146 157 162 164 221 232 233 254 263 275 285 303 305 316 328 331 346 352 372 373 377 380 390 392 394 413 417 433 477 483 485 487 488 490 494 495 512 523 583 538 545 556 552 524 550 585 612 657 631 627 660 647 688 724 697 676 734 731 902 960 841 902 973 886 746 901 746 798 984 967 851 890 875 835 832 853 842 747 832 832 
==================================================

==================================================
PASSO 56: Subvetor de indices [58 a 64]
Pivo Escolhido: 556
--------------------------------------------------
 [Troca]: 583 (pos 58) <->  550 (pos 64)
 [Troca]: 556 (pos 61) <->  524 (pos 63)
--------------------------------------------------
Estado do vetor apos o PASSO 56: 9 21 30 34 43 66 67 77 83 88 94 95 104 104 108 119 123 127 135 141 146 157 162 164 221 232 233 254 263 275 285 303 305 316 328 331 346 352 372 373 377 380 390 392 394 413 417 433 477 483 485 487 488 490 494 495 512 523 550 538 545 524 552 556 583 585 612 657 631 627 660 647 688 724 697 676 734 731 902 960 841 902 973 886 746 901 746 798 984 967 851 890 875 835 832 853 842 747 832 832 
==================================================

==================================================
PASSO 57: Subvetor de indices [58 a 62]
Pivo Escolhido: 545
--------------------------------------------------
 [Troca]: 550 (pos 58) <->  524 (pos 61)
 [Troca]: 545 (pos 60) <->  545 (pos 60)
--------------------------------------------------
Estado do vetor apos o PASSO 57: 9 21 30 34 43 66 67 77 83 88 94 95 104 104 108 119 123 127 135 141 146 157 162 164 221 232 233 254 263 275 285 303 305 316 328 331 346 352 372 373 377 380 390 392 394 413 417 433 477 483 485 487 488 490 494 495 512 523 524 538 545 550 552 556 583 585 612 657 631 627 660 647 688 724 697 676 734 731 902 960 841 902 973 886 746 901 746 798 984 967 851 890 875 835 832 853 842 747 832 832 
==================================================

==================================================
PASSO 58: Subvetor de indices [58 a 59]
Pivo Escolhido: 538
--------------------------------------------------
 [Troca]: 538 (pos 59) <->  538 (pos 59)
--------------------------------------------------
Estado do vetor apos o PASSO 58: 9 21 30 34 43 66 67 77 83 88 94 95 104 104 108 119 123 127 135 141 146 157 162 164 221 232 233 254 263 275 285 303 305 316 328 331 346 352 372 373 377 380 390 392 394 413 417 433 477 483 485 487 488 490 494 495 512 523 524 538 545 550 552 556 583 585 612 657 631 627 660 647 688 724 697 676 734 731 902 960 841 902 973 886 746 901 746 798 984 967 851 890 875 835 832 853 842 747 832 832 
==================================================

==================================================
PASSO 59: Subvetor de indices [61 a 62]
Pivo Escolhido: 552
--------------------------------------------------
 [Troca]: 552 (pos 62) <->  552 (pos 62)
--------------------------------------------------
Estado do vetor apos o PASSO 59: 9 21 30 34 43 66 67 77 83 88 94 95 104 104 108 119 123 127 135 141 146 157 162 164 221 232 233 254 263 275 285 303 305 316 328 331 346 352 372 373 377 380 390 392 394 413 417 433 477 483 485 487 488 490 494 495 512 523 524 538 545 550 552 556 583 585 612 657 631 627 660 647 688 724 697 676 734 731 902 960 841 902 973 886 746 901 746 798 984 967 851 890 875 835 832 853 842 747 832 832 
==================================================

==================================================
PASSO 60: Subvetor de indices [63 a 64]
Pivo Escolhido: 583
--------------------------------------------------
 [Troca]: 583 (pos 64) <->  583 (pos 64)
--------------------------------------------------
Estado do vetor apos o PASSO 60: 9 21 30 34 43 66 67 77 83 88 94 95 104 104 108 119 123 127 135 141 146 157 162 164 221 232 233 254 263 275 285 303 305 316 328 331 346 352 372 373 377 380 390 392 394 413 417 433 477 483 485 487 488 490 494 495 512 523 524 538 545 550 552 556 583 585 612 657 631 627 660 647 688 724 697 676 734 731 902 960 841 902 973 886 746 901 746 798 984 967 851 890 875 835 832 853 842 747 832 832 
==================================================

==================================================
PASSO 61: Subvetor de indices [65 a 66]
Pivo Escolhido: 612
--------------------------------------------------
 [Troca]: 612 (pos 66) <->  612 (pos 66)
--------------------------------------------------
Estado do vetor apos o PASSO 61: 9 21 30 34 43 66 67 77 83 88 94 95 104 104 108 119 123 127 135 141 146 157 162 164 221 232 233 254 263 275 285 303 305 316 328 331 346 352 372 373 377 380 390 392 394 413 417 433 477 483 485 487 488 490 494 495 512 523 524 538 545 550 552 556 583 585 612 657 631 627 660 647 688 724 697 676 734 731 902 960 841 902 973 886 746 901 746 798 984 967 851 890 875 835 832 853 842 747 832 832 
==================================================

==================================================
PASSO 62: Subvetor de indices [67 a 71]
Pivo Escolhido: 627
--------------------------------------------------
 [Troca]: 657 (pos 67) <->  627 (pos 69)
--------------------------------------------------
Estado do vetor apos o PASSO 62: 9 21 30 34 43 66 67 77 83 88 94 95 104 104 108 119 123 127 135 141 146 157 162 164 221 232 233 254 263 275 285 303 305 316 328 331 346 352 372 373 377 380 390 392 394 413 417 433 477 483 485 487 488 490 494 495 512 523 524 538 545 550 552 556 583 585 612 627 631 657 660 647 688 724 697 676 734 731 902 960 841 902 973 886 746 901 746 798 984 967 851 890 875 835 832 853 842 747 832 832 
==================================================

==================================================
PASSO 63: Subvetor de indices [68 a 71]
Pivo Escolhido: 660
--------------------------------------------------
 [Troca]: 660 (pos 70) <->  647 (pos 71)
--------------------------------------------------
Estado do vetor apos o PASSO 63: 9 21 30 34 43 66 67 77 83 88 94 95 104 104 108 119 123 127 135 141 146 157 162 164 221 232 233 254 263 275 285 303 305 316 328 331 346 352 372 373 377 380 390 392 394 413 417 433 477 483 485 487 488 490 494 495 512 523 524 538 545 550 552 556 583 585 612 627 631 657 647 660 688 724 697 676 734 731 902 960 841 902 973 886 746 901 746 798 984 967 851 890 875 835 832 853 842 747 832 832 
==================================================

==================================================
PASSO 64: Subvetor de indices [68 a 70]
Pivo Escolhido: 657
--------------------------------------------------
 [Troca]: 657 (pos 69) <->  647 (pos 70)
--------------------------------------------------
Estado do vetor apos o PASSO 64: 9 21 30 34 43 66 67 77 83 88 94 95 104 104 108 119 123 127 135 141 146 157 162 164 221 232 233 254 263 275 285 303 305 316 328 331 346 352 372 373 377 380 390 392 394 413 417 433 477 483 485 487 488 490 494 495 512 523 524 538 545 550 552 556 583 585 612 627 631 647 657 660 688 724 697 676 734 731 902 960 841 902 973 886 746 901 746 798 984 967 851 890 875 835 832 853 842 747 832 832 
==================================================

==================================================
PASSO 65: Subvetor de indices [68 a 69]
Pivo Escolhido: 647
--------------------------------------------------
 [Troca]: 647 (pos 69) <->  647 (pos 69)
--------------------------------------------------
Estado do vetor apos o PASSO 65: 9 21 30 34 43 66 67 77 83 88 94 95 104 104 108 119 123 127 135 141 146 157 162 164 221 232 233 254 263 275 285 303 305 316 328 331 346 352 372 373 377 380 390 392 394 413 417 433 477 483 485 487 488 490 494 495 512 523 524 538 545 550 552 556 583 585 612 627 631 647 657 660 688 724 697 676 734 731 902 960 841 902 973 886 746 901 746 798 984 967 851 890 875 835 832 853 842 747 832 832 
==================================================

==================================================
PASSO 66: Subvetor de indices [72 a 77]
Pivo Escolhido: 676
--------------------------------------------------
 [Troca]: 688 (pos 72) <->  676 (pos 75)
--------------------------------------------------
Estado do vetor apos o PASSO 66: 9 21 30 34 43 66 67 77 83 88 94 95 104 104 108 119 123 127 135 141 146 157 162 164 221 232 233 254 263 275 285 303 305 316 328 331 346 352 372 373 377 380 390 392 394 413 417 433 477 483 485 487 488 490 494 495 512 523 524 538 545 550 552 556 583 585 612 627 631 647 657 660 676 724 697 688 734 731 902 960 841 902 973 886 746 901 746 798 984 967 851 890 875 835 832 853 842 747 832 832 
==================================================

==================================================
PASSO 67: Subvetor de indices [73 a 77]
Pivo Escolhido: 688
--------------------------------------------------
 [Troca]: 724 (pos 73) <->  688 (pos 75)
--------------------------------------------------
Estado do vetor apos o PASSO 67: 9 21 30 34 43 66 67 77 83 88 94 95 104 104 108 119 123 127 135 141 146 157 162 164 221 232 233 254 263 275 285 303 305 316 328 331 346 352 372 373 377 380 390 392 394 413 417 433 477 483 485 487 488 490 494 495 512 523 524 538 545 550 552 556 583 585 612 627 631 647 657 660 676 688 697 724 734 731 902 960 841 902 973 886 746 901 746 798 984 967 851 890 875 835 832 853 842 747 832 832 
==================================================

==================================================
PASSO 68: Subvetor de indices [74 a 77]
Pivo Escolhido: 734
--------------------------------------------------
 [Troca]: 734 (pos 76) <->  731 (pos 77)
--------------------------------------------------
Estado do vetor apos o PASSO 68: 9 21 30 34 43 66 67 77 83 88 94 95 104 104 108 119 123 127 135 141 146 157 162 164 221 232 233 254 263 275 285 303 305 316 328 331 346 352 372 373 377 380 390 392 394 413 417 433 477 483 485 487 488 490 494 495 512 523 524 538 545 550 552 556 583 585 612 627 631 647 657 660 676 688 697 724 731 734 902 960 841 902 973 886 746 901 746 798 984 967 851 890 875 835 832 853 842 747 832 832 
==================================================

==================================================
PASSO 69: Subvetor de indices [74 a 76]
Pivo Escolhido: 724
--------------------------------------------------
 [Troca]: 724 (pos 75) <->  724 (pos 75)
--------------------------------------------------
Estado do vetor apos o PASSO 69: 9 21 30 34 43 66 67 77 83 88 94 95 104 104 108 119 123 127 135 141 146 157 162 164 221 232 233 254 263 275 285 303 305 316 328 331 346 352 372 373 377 380 390 392 394 413 417 433 477 483 485 487 488 490 494 495 512 523 524 538 545 550 552 556 583 585 612 627 631 647 657 660 676 688 697 724 731 734 902 960 841 902 973 886 746 901 746 798 984 967 851 890 875 835 832 853 842 747 832 832 
==================================================

==================================================
PASSO 70: Subvetor de indices [78 a 99]
Pivo Escolhido: 967
--------------------------------------------------
 [Troca]: 973 (pos 82) <->  832 (pos 99)
 [Troca]: 984 (pos 88) <->  832 (pos 98)
 [Troca]: 967 (pos 89) <->  747 (pos 97)
--------------------------------------------------
Estado do vetor apos o PASSO 70: 9 21 30 34 43 66 67 77 83 88 94 95 104 104 108 119 123 127 135 141 146 157 162 164 221 232 233 254 263 275 285 303 305 316 328 331 346 352 372 373 377 380 390 392 394 413 417 433 477 483 485 487 488 490 494 495 512 523 524 538 545 550 552 556 583 585 612 627 631 647 657 660 676 688 697 724 731 734 902 960 841 902 832 886 746 901 746 798 832 747 851 890 875 835 832 853 842 967 984 973 
==================================================

==================================================
PASSO 71: Subvetor de indices [78 a 96]
Pivo Escolhido: 798
--------------------------------------------------
 [Troca]: 902 (pos 78) <->  747 (pos 89)
 [Troca]: 960 (pos 79) <->  798 (pos 87)
 [Troca]: 841 (pos 80) <->  746 (pos 86)
 [Troca]: 902 (pos 81) <->  746 (pos 84)
--------------------------------------------------
Estado do vetor apos o PASSO 71: 9 21 30 34 43 66 67 77 83 88 94 95 104 104 108 119 123 127 135 141 146 157 162 164 221 232 233 254 263 275 285 303 305 316 328 331 346 352 372 373 377 380 390 392 394 413 417 433 477 483 485 487 488 490 494 495 512 523 524 538 545 550 552 556 583 585 612 627 631 647 657 660 676 688 697 724 731 734 747 798 746 746 832 886 902 901 841 960 832 902 851 890 875 835 832 853 842 967 984 973 
==================================================

==================================================
PASSO 72: Subvetor de indices [78 a 81]
Pivo Escolhido: 746
--------------------------------------------------
 [Troca]: 747 (pos 78) <->  746 (pos 81)
 [Troca]: 798 (pos 79) <->  746 (pos 80)
--------------------------------------------------
Estado do vetor apos o PASSO 72: 9 21 30 34 43 66 67 77 83 88 94 95 104 104 108 119 123 127 135 141 146 157 162 164 221 232 233 254 263 275 285 303 305 316 328 331 346 352 372 373 377 380 390 392 394 413 417 433 477 483 485 487 488 490 494 495 512 523 524 538 545 550 552 556 583 585 612 627 631 647 657 660 676 688 697 724 731 734 746 746 798 747 832 886 902 901 841 960 832 902 851 890 875 835 832 853 842 967 984 973 
==================================================

==================================================
PASSO 73: Subvetor de indices [78 a 79]
Pivo Escolhido: 746
--------------------------------------------------
 [Troca]: 746 (pos 78) <->  746 (pos 79)
--------------------------------------------------
Estado do vetor apos o PASSO 73: 9 21 30 34 43 66 67 77 83 88 94 95 104 104 108 119 123 127 135 141 146 157 162 164 221 232 233 254 263 275 285 303 305 316 328 331 346 352 372 373 377 380 390 392 394 413 417 433 477 483 485 487 488 490 494 495 512 523 524 538 545 550 552 556 583 585 612 627 631 647 657 660 676 688 697 724 731 734 746 746 798 747 832 886 902 901 841 960 832 902 851 890 875 835 832 853 842 967 984 973 
==================================================

==================================================
PASSO 74: Subvetor de indices [80 a 81]
Pivo Escolhido: 747
--------------------------------------------------
 [Troca]: 798 (pos 80) <->  747 (pos 81)
--------------------------------------------------
Estado do vetor apos o PASSO 74: 9 21 30 34 43 66 67 77 83 88 94 95 104 104 108 119 123 127 135 141 146 157 162 164 221 232 233 254 263 275 285 303 305 316 328 331 346 352 372 373 377 380 390 392 394 413 417 433 477 483 485 487 488 490 494 495 512 523 524 538 545 550 552 556 583 585 612 627 631 647 657 660 676 688 697 724 731 734 746 746 747 798 832 886 902 901 841 960 832 902 851 890 875 835 832 853 842 967 984 973 
==================================================

==================================================
PASSO 75: Subvetor de indices [82 a 96]
Pivo Escolhido: 902
--------------------------------------------------
 [Troca]: 902 (pos 84) <->  842 (pos 96)
 [Troca]: 960 (pos 87) <->  853 (pos 95)
 [Troca]: 902 (pos 89) <->  832 (pos 94)
--------------------------------------------------
Estado do vetor apos o PASSO 75: 9 21 30 34 43 66 67 77 83 88 94 95 104 104 108 119 123 127 135 141 146 157 162 164 221 232 233 254 263 275 285 303 305 316 328 331 346 352 372 373 377 380 390 392 394 413 417 433 477 483 485 487 488 490 494 495 512 523 524 538 545 550 552 556 583 585 612 627 631 647 657 660 676 688 697 724 731 734 746 746 747 798 832 886 842 901 841 853 832 832 851 890 875 835 902 960 902 967 984 973 
==================================================

==================================================
PASSO 76: Subvetor de indices [82 a 93]
Pivo Escolhido: 832
--------------------------------------------------
 [Troca]: 832 (pos 82) <->  832 (pos 89)
 [Troca]: 886 (pos 83) <->  832 (pos 88)
--------------------------------------------------
Estado do vetor apos o PASSO 76: 9 21 30 34 43 66 67 77 83 88 94 95 104 104 108 119 123 127 135 141 146 157 162 164 221 232 233 254 263 275 285 303 305 316 328 331 346 352 372 373 377 380 390 392 394 413 417 433 477 483 485 487 488 490 494 495 512 523 524 538 545 550 552 556 583 585 612 627 631 647 657 660 676 688 697 724 731 734 746 746 747 798 832 832 842 901 841 853 886 832 851 890 875 835 902 960 902 967 984 973 
==================================================

==================================================
PASSO 77: Subvetor de indices [82 a 83]
Pivo Escolhido: 832
--------------------------------------------------
 [Troca]: 832 (pos 82) <->  832 (pos 83)
--------------------------------------------------
Estado do vetor apos o PASSO 77: 9 21 30 34 43 66 67 77 83 88 94 95 104 104 108 119 123 127 135 141 146 157 162 164 221 232 233 254 263 275 285 303 305 316 328 331 346 352 372 373 377 380 390 392 394 413 417 433 477 483 485 487 488 490 494 495 512 523 524 538 545 550 552 556 583 585 612 627 631 647 657 660 676 688 697 724 731 734 746 746 747 798 832 832 842 901 841 853 886 832 851 890 875 835 902 960 902 967 984 973 
==================================================

==================================================
PASSO 78: Subvetor de indices [84 a 93]
Pivo Escolhido: 832
--------------------------------------------------
 [Troca]: 842 (pos 84) <->  832 (pos 89)
--------------------------------------------------
Estado do vetor apos o PASSO 78: 9 21 30 34 43 66 67 77 83 88 94 95 104 104 108 119 123 127 135 141 146 157 162 164 221 232 233 254 263 275 285 303 305 316 328 331 346 352 372 373 377 380 390 392 394 413 417 433 477 483 485 487 488 490 494 495 512 523 524 538 545 550 552 556 583 585 612 627 631 647 657 660 676 688 697 724 731 734 746 746 747 798 832 832 832 901 841 853 886 842 851 890 875 835 902 960 902 967 984 973 
==================================================

==================================================
PASSO 79: Subvetor de indices [85 a 93]
Pivo Escolhido: 842
--------------------------------------------------
 [Troca]: 901 (pos 85) <->  835 (pos 93)
 [Troca]: 853 (pos 87) <->  842 (pos 89)
--------------------------------------------------
Estado do vetor apos o PASSO 79: 9 21 30 34 43 66 67 77 83 88 94 95 104 104 108 119 123 127 135 141 146 157 162 164 221 232 233 254 263 275 285 303 305 316 328 331 346 352 372 373 377 380 390 392 394 413 417 433 477 483 485 487 488 490 494 495 512 523 524 538 545 550 552 556 583 585 612 627 631 647 657 660 676 688 697 724 731 734 746 746 747 798 832 832 832 835 841 842 886 853 851 890 875 901 902 960 902 967 984 973 
==================================================

==================================================
PASSO 80: Subvetor de indices [85 a 87]
Pivo Escolhido: 841
--------------------------------------------------
 [Troca]: 841 (pos 86) <->  841 (pos 86)
--------------------------------------------------
Estado do vetor apos o PASSO 80: 9 21 30 34 43 66 67 77 83 88 94 95 104 104 108 119 123 127 135 141 146 157 162 164 221 232 233 254 263 275 285 303 305 316 328 331 346 352 372 373 377 380 390 392 394 413 417 433 477 483 485 487 488 490 494 495 512 523 524 538 545 550 552 556 583 585 612 627 631 647 657 660 676 688 697 724 731 734 746 746 747 798 832 832 832 835 841 842 886 853 851 890 875 901 902 960 902 967 984 973 
==================================================

==================================================
PASSO 81: Subvetor de indices [88 a 93]
Pivo Escolhido: 890
--------------------------------------------------
 [Troca]: 890 (pos 91) <->  875 (pos 92)
--------------------------------------------------
Estado do vetor apos o PASSO 81: 9 21 30 34 43 66 67 77 83 88 94 95 104 104 108 119 123 127 135 141 146 157 162 164 221 232 233 254 263 275 285 303 305 316 328 331 346 352 372 373 377 380 390 392 394 413 417 433 477 483 485 487 488 490 494 495 512 523 524 538 545 550 552 556 583 585 612 627 631 647 657 660 676 688 697 724 731 734 746 746 747 798 832 832 832 835 841 842 886 853 851 875 890 901 902 960 902 967 984 973 
==================================================

==================================================
PASSO 82: Subvetor de indices [88 a 91]
Pivo Escolhido: 851
--------------------------------------------------
 [Troca]: 886 (pos 88) <->  851 (pos 90)
--------------------------------------------------
Estado do vetor apos o PASSO 82: 9 21 30 34 43 66 67 77 83 88 94 95 104 104 108 119 123 127 135 141 146 157 162 164 221 232 233 254 263 275 285 303 305 316 328 331 346 352 372 373 377 380 390 392 394 413 417 433 477 483 485 487 488 490 494 495 512 523 524 538 545 550 552 556 583 585 612 627 631 647 657 660 676 688 697 724 731 734 746 746 747 798 832 832 832 835 841 842 851 853 886 875 890 901 902 960 902 967 984 973 
==================================================

==================================================
PASSO 83: Subvetor de indices [89 a 91]
Pivo Escolhido: 886
--------------------------------------------------
 [Troca]: 886 (pos 90) <->  875 (pos 91)
--------------------------------------------------
Estado do vetor apos o PASSO 83: 9 21 30 34 43 66 67 77 83 88 94 95 104 104 108 119 123 127 135 141 146 157 162 164 221 232 233 254 263 275 285 303 305 316 328 331 346 352 372 373 377 380 390 392 394 413 417 433 477 483 485 487 488 490 494 495 512 523 524 538 545 550 552 556 583 585 612 627 631 647 657 660 676 688 697 724 731 734 746 746 747 798 832 832 832 835 841 842 851 853 875 886 890 901 902 960 902 967 984 973 
==================================================

==================================================
PASSO 84: Subvetor de indices [89 a 90]
Pivo Escolhido: 875
--------------------------------------------------
 [Troca]: 875 (pos 90) <->  875 (pos 90)
--------------------------------------------------
Estado do vetor apos o PASSO 84: 9 21 30 34 43 66 67 77 83 88 94 95 104 104 108 119 123 127 135 141 146 157 162 164 221 232 233 254 263 275 285 303 305 316 328 331 346 352 372 373 377 380 390 392 394 413 417 433 477 483 485 487 488 490 494 495 512 523 524 538 545 550 552 556 583 585 612 627 631 647 657 660 676 688 697 724 731 734 746 746 747 798 832 832 832 835 841 842 851 853 875 886 890 901 902 960 902 967 984 973 
==================================================

==================================================
PASSO 85: Subvetor de indices [92 a 93]
Pivo Escolhido: 901
--------------------------------------------------
 [Troca]: 901 (pos 93) <->  901 (pos 93)
--------------------------------------------------
Estado do vetor apos o PASSO 85: 9 21 30 34 43 66 67 77 83 88 94 95 104 104 108 119 123 127 135 141 146 157 162 164 221 232 233 254 263 275 285 303 305 316 328 331 346 352 372 373 377 380 390 392 394 413 417 433 477 483 485 487 488 490 494 495 512 523 524 538 545 550 552 556 583 585 612 627 631 647 657 660 676 688 697 724 731 734 746 746 747 798 832 832 832 835 841 842 851 853 875 886 890 901 902 960 902 967 984 973 
==================================================

==================================================
PASSO 86: Subvetor de indices [94 a 96]
Pivo Escolhido: 960
--------------------------------------------------
 [Troca]: 960 (pos 95) <->  902 (pos 96)
--------------------------------------------------
Estado do vetor apos o PASSO 86: 9 21 30 34 43 66 67 77 83 88 94 95 104 104 108 119 123 127 135 141 146 157 162 164 221 232 233 254 263 275 285 303 305 316 328 331 346 352 372 373 377 380 390 392 394 413 417 433 477 483 485 487 488 490 494 495 512 523 524 538 545 550 552 556 583 585 612 627 631 647 657 660 676 688 697 724 731 734 746 746 747 798 832 832 832 835 841 842 851 853 875 886 890 901 902 902 960 967 984 973 
==================================================

==================================================
PASSO 87: Subvetor de indices [94 a 95]
Pivo Escolhido: 902
--------------------------------------------------
 [Troca]: 902 (pos 94) <->  902 (pos 95)
--------------------------------------------------
Estado do vetor apos o PASSO 87: 9 21 30 34 43 66 67 77 83 88 94 95 104 104 108 119 123 127 135 141 146 157 162 164 221 232 233 254 263 275 285 303 305 316 328 331 346 352 372 373 377 380 390 392 394 413 417 433 477 483 485 487 488 490 494 495 512 523 524 538 545 550 552 556 583 585 612 627 631 647 657 660 676 688 697 724 731 734 746 746 747 798 832 832 832 835 841 842 851 853 875 886 890 901 902 902 960 967 984 973 
==================================================

==================================================
PASSO 88: Subvetor de indices [97 a 99]
Pivo Escolhido: 984
--------------------------------------------------
 [Troca]: 984 (pos 98) <->  973 (pos 99)
--------------------------------------------------
Estado do vetor apos o PASSO 88: 9 21 30 34 43 66 67 77 83 88 94 95 104 104 108 119 123 127 135 141 146 157 162 164 221 232 233 254 263 275 285 303 305 316 328 331 346 352 372 373 377 380 390 392 394 413 417 433 477 483 485 487 488 490 494 495 512 523 524 538 545 550 552 556 583 585 612 627 631 647 657 660 676 688 697 724 731 734 746 746 747 798 832 832 832 835 841 842 851 853 875 886 890 901 902 902 960 967 973 984 
==================================================

==================================================
PASSO 89: Subvetor de indices [97 a 98]
Pivo Escolhido: 973
--------------------------------------------------
 [Troca]: 973 (pos 98) <->  973 (pos 98)
--------------------------------------------------
Estado do vetor apos o PASSO 89: 9 21 30 34 43 66 67 77 83 88 94 95 104 104 108 119 123 127 135 141 146 157 162 164 221 232 233 254 263 275 285 303 305 316 328 331 346 352 372 373 377 380 390 392 394 413 417 433 477 483 485 487 488 490 494 495 512 523 524 538 545 550 552 556 583 585 612 627 631 647 657 660 676 688 697 724 731 734 746 746 747 798 832 832 832 835 841 842 851 853 875 886 890 901 902 902 960 967 973 984 
==================================================

Array ordenado: 9 21 30 34 43 66 67 77 83 88 94 95 104 104 108 119 123 127 135 141 146 157 162 164 221 232 233 254 263 275 285 303 305 316 328 331 346 352 372 373 377 380 390 392 394 413 417 433 477 483 485 487 488 490 494 495 512 523 524 538 545 550 552 556 583 585 612 627 631 647 657 660 676 688 697 724 731 734 746 746 747 798 832 832 832 835 841 842 851 853 875 886 890 901 902 902 960 967 973 984 

--- RELATORIO DE EXECUCAO (QUICK SORT) ---
Total de elementos: 100
Total de Comparacoes: 894
Total de Trocas: 183
Total de Passos/Particoes: 89
==================================================
Tempo de execucao: 1.3580 milissegundos
